0
1
2
0
2
3
1
4
2
1
5
4
6
7
8
6
8
9
9
8
10
9
10
11
11
10
12
11
12
13
13
12
14
13
14
15
15
14
16
15
16
17
17
16
18
17
18
19
19
18
20
19
20
21
21
20
22
21
22
23
8
24
10
10
24
25
10
25
12
12
25
26
12
26
14
14
26
27
14
27
16
16
27
28
16
28
18
18
28
29
18
29
20
20
29
30
20
30
22
8
31
24
7
31
8
7
32
31
33
34
30
33
35
34
36
35
33
36
37
35
38
37
36
38
39
37
40
39
38
40
41
39
42
41
40
42
43
41
44
43
42
44
45
43
46
45
44
46
47
45
48
47
46
48
49
47
30
34
50
30
50
51
51
50
52
51
52
53
53
52
54
53
54
55
55
54
56
55
56
57
58
59
60
58
60
61
61
60
62
61
62
63
59
64
60
59
65
64
60
64
66
60
66
62
67
68
69
67
69
70
68
71
69
68
72
71
73
74
75
73
75
76
76
75
77
76
77
78
78
77
79
78
79
80
80
79
81
80
81
82
82
81
83
82
83
84
84
83
85
84
85
86
86
85
87
86
87
88
88
87
89
88
89
90
90
89
91
90
91
92
92
91
93
92
93
94
94
93
95
94
95
96
96
95
97
96
97
98
99
100
101
101
102
99
102
103
99
102
104
103
104
105
103
104
106
105
106
107
105
106
108
107
106
109
108
109
110
108
111
112
113
113
114
111
113
115
114
115
116
114
115
117
116
117
118
116
117
119
118
119
120
118
119
121
120
121
122
120
