0
1
2
0
2
3
4
1
0
4
0
5
6
3
2
6
2
7
8
4
5
8
5
9
10
6
7
10
7
11
12
8
9
12
9
13
14
10
11
14
11
15
16
12
13
16
13
17
18
14
15
18
15
19
20
16
17
20
17
21
22
18
19
22
19
23
24
22
23
24
23
25
26
24
25
26
25
27
28
20
21
28
21
29
30
28
29
30
31
28
27
32
26
27
33
32
34
31
30
34
35
31
36
37
38
36
38
39
40
37
36
40
41
37
39
38
42
39
42
43
44
41
40
44
45
41
43
42
46
43
46
47
48
45
44
48
49
45
47
46
50
47
50
51
52
49
48
52
53
49
51
50
54
51
54
55
52
56
53
52
57
56
55
54
58
55
58
59
59
58
60
59
60
61
62
56
57
62
63
56
62
64
63
62
65
64
61
60
66
61
66
67
67
66
68
67
68
69
59
70
55
55
70
71
72
71
70
73
72
70
74
72
73
74
73
75
74
75
76
74
76
77
74
77
78
77
79
78
78
79
80
78
80
81
81
74
78
81
80
82
81
82
83
83
82
84
83
84
85
85
84
86
85
86
87
87
86
88
87
88
89
89
88
90
89
90
91
91
90
92
91
92
93
93
92
94
93
94
95
95
94
96
95
96
97
97
96
98
97
98
99
99
98
100
99
100
101
101
100
102
101
102
103
103
102
104
103
104
105
105
104
106
105
106
107
107
106
108
107
108
109
110
95
97
111
95
110
111
93
95
112
93
111
112
91
93
113
101
103
101
113
99
114
99
113
114
97
99
110
97
115
115
97
116
117
116
97
117
97
114
109
118
107
119
107
118
113
103
119
105
119
103
119
105
107
120
114
113
117
114
120
120
113
121
121
113
119
121
119
122
122
119
118
122
118
123
117
120
124
125
36
39
125
39
126
126
39
43
126
43
127
127
43
47
127
47
128
128
47
129
128
129
130
131
36
125
131
40
36
132
40
131
132
44
40
133
44
132
133
48
44
134
48
133
134
135
48
52
48
135
52
135
136
136
57
52
136
137
57
138
135
134
138
139
135
136
135
139
136
139
140
137
136
140
141
57
137
141
142
57
137
140
143
144
141
137
144
137
143
145
146
147
145
147
148
148
147
149
148
149
150
151
152
153
151
153
154
151
155
152
151
156
155
157
155
156
157
156
158
159
160
161
159
161
162
163
160
159
163
159
164
165
162
161
165
161
166
167
163
164
167
164
168
169
165
166
169
166
170
171
167
168
171
168
172
173
169
170
173
170
174
175
171
172
175
172
176
177
173
174
177
174
178
179
175
176
179
176
180
181
177
178
181
178
182
183
179
180
183
180
184
185
181
182
185
182
186
187
185
186
187
186
188
189
183
184
189
184
190
191
189
190
191
192
189
188
193
187
188
194
193
195
192
191
195
196
192
77
197
79
77
198
197
77
199
198
199
200
198
199
201
200
77
202
203
204
203
202
204
202
205
206
204
205
206
207
204
208
77
209
208
209
210
208
210
211
208
211
212
210
209
213
210
213
214
214
211
210
215
211
214
215
69
211
69
215
67
67
215
216
216
215
214
216
214
213
67
216
61
61
217
218
75
218
217
75
73
218
73
70
218
59
218
70
61
218
59
219
89
91
219
91
112
220
89
219
220
87
89
221
87
220
221
85
87
222
85
221
222
223
85
83
85
223
83
223
224
224
81
83
224
225
81
226
223
222
226
227
223
227
224
223
81
225
74
74
225
72
224
72
225
224
228
72
227
228
224
228
227
129
228
129
71
72
228
71
51
71
129
51
129
47
55
71
51
229
129
227
229
227
226
130
129
229
229
230
130
229
231
230
232
233
234
235
236
237
238
236
235
238
239
236
240
239
238
241
239
240
241
242
239
237
236
243
243
236
244
243
244
245
245
244
246
246
244
247
247
244
248
249
236
239
249
250
236
250
244
236
250
249
251
250
251
252
249
253
251
249
254
253
254
249
239
254
239
242
255
250
252
250
255
244
248
244
255
252
256
255
256
257
255
256
258
257
259
258
256
259
260
258
253
261
251
253
262
261
261
262
263
261
263
264
265
261
264
251
261
265
251
265
252
265
264
266
267
265
266
252
265
267
252
267
256
267
266
268
256
267
268
256
268
259
254
269
253
253
269
270
253
270
271
269
272
270
269
273
272
274
273
269
254
274
269
242
274
254
242
275
274
274
276
273
275
276
274
275
277
276
273
278
272
273
279
278
276
279
273
276
280
279
277
280
276
277
281
280
279
282
278
279
283
282
280
283
279
280
284
283
281
284
280
281
285
284
283
286
282
283
287
286
284
287
283
284
288
287
285
288
284
285
289
288
286
287
290
287
288
290
286
290
291
290
292
291
290
293
292
290
294
293
295
294
290
288
289
295
288
295
290
295
296
294
293
297
292
293
298
297
294
298
293
294
299
298
296
299
294
296
300
299
298
301
297
298
302
301
299
302
298
299
303
302
296
304
300
296
305
304
306
304
305
300
304
306
306
305
307
307
305
308
305
296
308
307
308
309
309
308
310
310
308
311
310
311
312
312
311
313
313
311
314
314
311
315
314
315
316
316
315
317
317
315
318
318
315
319
318
319
320
308
321
311
322
311
321
323
311
322
315
311
323
323
319
315
308
296
321
320
319
324
324
325
320
324
326
325
327
328
329
327
329
330
327
331
328
327
332
331
329
328
333
329
333
334
328
331
335
328
335
333
334
333
336
334
336
337
337
336
338
337
338
339
336
340
338
336
341
340
333
335
341
333
341
336
332
342
331
332
343
342
344
343
332
331
342
345
331
345
335
335
345
346
335
346
341
341
346
347
341
347
340
348
342
343
348
343
344
349
345
342
349
342
348
348
350
349
348
351
350
352
351
348
352
353
351
349
350
354
349
354
355
355
346
345
355
345
349
355
354
356
355
356
357
357
347
346
357
346
355
358
357
356
358
356
359
360
358
359
360
359
361
362
360
361
362
361
363
364
362
363
364
363
365
360
362
366
362
367
366
368
366
367
369
368
367
362
369
367
368
370
366
371
370
368
371
372
370
371
373
372
371
374
373
373
375
372
373
376
375
372
375
377
372
377
370
376
378
375
376
379
378
379
380
378
379
381
380
378
380
382
378
382
383
375
378
383
375
383
377
370
377
384
370
384
366
377
383
385
377
385
384
383
382
386
383
386
385
360
366
384
358
360
384
358
384
385
357
358
385
357
385
386
387
388
389
387
389
390
389
388
391
389
391
392
392
391
393
392
393
394
394
393
395
394
395
396
397
396
395
397
395
398
399
397
398
399
398
400
401
399
400
401
400
402
403
401
402
403
404
401
405
406
407
405
407
408
407
406
409
410
407
409
410
411
407
411
410
412
411
412
413
414
413
412
414
412
415
415
416
414
415
417
416
416
417
418
419
416
418
419
420
416
421
422
423
421
423
424
421
425
422
421
426
425
427
428
429
427
429
430
428
431
429
428
432
431
432
433
431
432
434
433
434
432
428
433
434
435
433
435
436
437
436
435
437
435
438
438
439
437
430
429
440
430
440
441
442
430
441
429
443
440
429
444
443
444
433
445
444
445
443
433
436
446
433
446
445
436
437
447
436
447
446
437
439
448
447
437
448
448
439
449
449
439
438
448
449
450
451
448
450
447
448
451
451
450
452
449
438
453
435
453
438
435
454
453
455
454
435
455
435
434
455
434
428
428
427
455
456
457
458
456
458
459
460
458
457
460
457
461
462
460
461
462
461
463
464
456
459
464
465
456
462
463
466
462
466
467
467
466
468
467
468
469
470
469
468
470
471
469
472
471
470
472
470
473
474
475
476
474
476
477
475
478
476
475
479
478
479
480
478
479
481
480
481
482
480
481
483
482
477
476
484
477
484
485
476
478
486
476
486
484
480
482
487
480
487
488
478
480
488
478
488
486
474
489
475
474
490
489
475
489
491
475
491
479
479
491
492
479
492
481
481
492
493
481
493
483
483
493
494
494
493
492
483
494
495
495
494
496
494
492
496
496
492
491
495
496
497
496
491
498
498
491
489
499
496
498
499
498
500
500
498
501
498
489
501
490
501
489
500
501
502
502
501
503
490
503
501
502
503
504
505
504
503
505
503
506
507
505
506
507
506
508
509
507
508
509
508
510
510
508
511
510
511
512
513
512
511
514
513
511
514
515
513
514
516
515
474
516
514
474
477
516
513
515
517
513
517
518
513
518
512
518
517
519
518
519
520
477
521
516
477
485
521
516
521
522
516
522
515
517
523
519
517
524
523
515
522
524
515
524
517
474
514
525
474
525
490
514
511
525
518
520
526
518
526
512
520
527
526
527
512
526
520
528
527
528
510
527
527
510
512
528
529
510
508
525
511
508
506
525
490
525
506
490
506
503
530
303
299
530
299
300
300
306
530
248
255
531
531
255
257
532
533
534
532
534
535
536
533
532
536
537
533
538
537
536
539
537
538
539
540
537
541
535
534
541
534
542
543
541
542
543
542
544
545
543
544
546
545
544
546
544
547
548
549
550
548
550
551
552
549
548
552
553
549
551
550
554
551
554
555
556
553
552
556
557
553
555
554
558
555
558
559
560
557
556
560
561
557
559
558
562
559
562
563
564
561
560
564
565
561
563
562
566
563
566
567
568
565
564
568
569
565
567
566
570
567
570
571
571
570
572
571
572
573
574
569
568
574
575
569
576
575
574
576
577
575
578
577
576
578
579
577
580
581
582
580
582
583
583
582
584
583
584
585
586
587
588
586
588
589
590
587
586
590
591
587
589
588
592
589
592
593
594
591
590
594
595
591
593
592
596
593
596
597
598
595
594
598
599
595
597
596
600
597
600
601
602
599
598
602
603
599
601
600
604
601
604
605
606
603
602
606
607
603
605
604
608
605
608
609
610
607
606
610
611
607
609
608
612
609
612
613
614
611
610
614
615
611
616
615
614
616
617
615
618
617
616
618
619
620
621
622
623
621
623
624
624
623
625
624
625
626
627
628
629
630
631
627
631
632
627
631
633
632
633
634
632
633
635
634
635
636
634
635
637
636
637
638
636
637
639
638
639
640
638
639
641
640
641
642
640
641
643
642
641
644
643
644
645
643
646
647
648
649
650
651
651
652
649
652
653
649
653
654
649
655
656
649
657
658
659
657
660
658
661
662
663
661
664
662
664
665
662
665
666
662
665
667
666
667
668
666
667
669
668
667
670
669
670
671
669
672
673
674
674
675
672
675
676
672
676
677
672
674
673
678
674
678
679
673
680
678
673
681
680
672
681
673
680
681
682
680
682
683
681
684
682
681
685
684
685
681
672
672
686
685
686
687
685
688
687
686
686
689
688
689
690
688
688
691
687
691
692
687
692
693
687
693
694
687
687
695
685
696
685
695
696
695
697
697
698
696
698
699
696
699
700
696
700
701
696
702
703
704
702
704
705
704
703
706
704
706
707
703
708
706
703
709
708
708
709
710
708
710
711
712
713
714
712
714
715
715
714
716
715
716
717
717
718
715
717
719
718
718
719
720
718
720
721
722
723
724
722
724
725
724
726
725
724
727
726
726
727
728
726
728
729
730
731
732
730
732
733
730
734
731
730
735
734
736
737
738
736
738
739
739
738
740
739
740
741
742
743
744
742
744
745
746
747
748
746
748
749
750
751
752
753
754
755
442
756
757
442
757
430
758
759
760
758
760
761
762
763
764
762
764
765
766
762
765
766
767
762
768
764
763
768
769
764
770
767
766
770
771
767
772
769
768
772
773
769
774
771
770
774
775
771
776
773
772
776
777
773
778
775
774
778
779
775
780
777
776
780
781
777
782
779
778
782
783
779
784
781
780
784
785
781
786
785
784
786
787
785
788
787
786
788
789
787
790
783
782
790
791
783
792
791
790
792
790
793
789
788
794
789
794
795
796
792
793
796
793
797
798
799
800
798
800
801
802
798
801
802
801
803
799
804
800
799
805
804
806
802
803
806
803
807
805
808
804
805
809
808
810
806
807
810
807
811
809
812
808
809
813
812
814
810
811
814
811
815
813
816
812
813
817
816
814
815
818
814
818
819
817
820
816
817
821
820
821
822
820
821
823
822
824
819
818
824
818
825
824
825
826
824
826
827
823
828
822
823
829
828
829
830
828
829
831
830
821
817
832
817
833
832
834
832
833
835
832
834
836
835
834
836
837
835
836
838
837
836
839
838
836
840
839
839
840
841
840
842
841
840
843
842
843
840
836
843
844
842
843
845
844
845
846
844
845
847
846
847
848
846
847
849
848
849
850
848
849
851
850
851
852
850
851
853
852
853
854
852
853
855
854
855
856
854
855
857
856
857
858
856
857
859
858
859
860
858
859
861
860
861
862
860
861
863
862
863
864
862
863
865
864
865
866
864
865
867
866
867
868
866
867
869
868
869
870
868
869
871
870
872
859
857
873
872
857
873
857
855
874
873
855
874
855
853
875
865
863
863
861
875
876
875
861
876
861
859
872
877
859
877
878
859
879
876
859
879
859
878
871
869
880
881
875
876
879
881
876
881
882
875
882
883
875
875
883
865
867
865
883
883
880
869
883
869
867
882
884
883
884
880
883
884
885
880
879
886
881
887
888
799
887
799
798
888
805
799
888
889
805
889
809
805
889
890
809
890
891
809
890
892
891
893
887
798
893
798
802
894
893
802
894
802
806
895
894
806
895
806
810
896
895
810
896
810
897
814
897
810
814
898
897
898
814
819
898
819
899
900
896
897
900
897
901
898
901
897
898
902
901
899
902
898
903
899
819
903
819
904
899
905
902
906
905
899
906
899
903
907
908
909
907
909
910
908
911
909
908
912
911
913
914
915
913
915
916
913
916
917
913
917
918
919
918
917
919
920
918
921
922
923
921
923
924
925
921
924
925
926
921
927
923
922
927
928
923
929
926
925
929
930
926
931
928
927
931
932
928
933
930
929
933
934
930
935
932
931
935
936
932
937
934
933
937
938
934
939
936
935
939
940
936
941
938
937
941
942
938
943
940
939
943
944
940
945
942
941
945
946
942
947
944
943
947
948
944
949
948
947
949
950
948
951
946
945
951
952
946
953
952
951
953
951
954
950
949
955
950
955
956
957
953
954
957
954
958
839
841
959
839
959
960
839
960
961
961
960
962
961
962
963
839
964
965
966
965
964
966
967
965
968
967
966
968
966
969
970
971
839
970
972
971
970
973
972
970
974
973
972
975
971
972
976
975
976
972
973
977
976
973
977
973
831
831
829
977
829
978
977
978
975
976
978
976
977
829
823
978
823
821
979
821
832
979
835
979
832
837
979
835
837
980
979
823
979
980
981
874
853
981
853
851
982
981
851
982
851
849
983
982
849
983
849
847
984
983
847
984
847
985
845
985
847
845
986
985
986
845
843
986
843
987
988
984
985
988
985
989
989
985
986
843
836
987
836
834
987
986
987
834
986
834
990
989
986
990
990
891
989
990
833
891
834
833
990
813
891
833
813
809
891
817
813
833
991
988
989
991
989
891
892
991
891
991
892
992
991
992
993
994
995
996
997
998
999
1000
997
999
1000
999
1001
1002
1000
1001
1003
1002
1001
1003
1001
1004
998
1005
999
1005
1006
999
1005
1007
1006
1007
1008
1006
1008
1009
1006
1009
1010
1006
1011
1001
999
1011
999
1012
1012
999
1006
1012
1013
1011
1012
1014
1013
1011
1013
1015
1011
1015
1016
1016
1004
1001
1016
1001
1011
1014
1012
1017
1012
1006
1017
1010
1017
1006
1017
1018
1014
1017
1019
1018
1019
1020
1018
259
1018
1020
259
1020
260
1015
1013
1021
1015
1021
1022
1021
263
1022
1021
264
263
1023
264
1021
1013
1014
1023
1013
1023
1021
1023
266
264
1024
266
1023
1014
1018
1024
1014
1024
1023
1024
268
266
1018
259
268
1018
268
1024
1016
1015
1025
1016
1025
1026
1026
1025
1027
1025
272
1027
1025
270
272
1015
270
1025
1015
271
270
1026
1027
1028
1029
1026
1028
1004
1026
1029
1004
1016
1026
1029
1028
1030
1027
272
278
1027
278
1031
1028
1027
1031
1028
1031
1032
1030
1028
1032
1030
1032
1033
1031
278
282
1031
282
1034
1032
1031
1034
1032
1034
1035
1033
1032
1035
1033
1035
1036
1034
282
286
1034
286
1037
1035
1034
1037
1035
1037
1038
1036
1035
1038
1036
1038
1039
286
1040
1037
1037
1040
1038
286
291
1040
1040
291
292
1040
292
1041
1040
1041
1042
1043
1040
1042
1038
1040
1043
1038
1043
1039
1043
1042
1044
1041
292
297
1041
297
1045
1042
1041
1045
1042
1045
1046
1044
1042
1046
1044
1046
1047
1045
297
301
1045
301
1048
1046
1045
1048
1046
1048
1049
1044
1047
1050
1044
1050
1051
1052
1051
1050
1047
1052
1050
1052
1053
1051
1053
1054
1051
1051
1054
1044
1053
1055
1054
1055
1056
1054
1056
1057
1054
1056
1058
1057
1058
1059
1057
1059
1060
1057
1060
1061
1057
1060
1062
1061
1062
1063
1061
1063
1064
1061
1064
1065
1061
1064
1066
1065
1054
1057
1067
1068
1067
1057
1069
1068
1057
1061
1069
1057
1069
1061
1065
1054
1067
1044
1066
1070
1065
1070
1066
1071
1070
1071
1072
1073
1074
1075
1073
1075
1076
1076
1075
1077
1076
1077
1078
1078
1077
1079
1078
1079
1080
1076
1078
1080
1079
1081
1080
1079
1082
1081
1081
1082
1083
1084
1081
1083
1083
1085
1084
1074
1086
1075
1074
1087
1086
1088
1087
1074
1075
1086
1089
1075
1089
1090
1090
1089
1091
1090
1091
1079
1079
1091
1092
1079
1092
1082
1082
1092
1093
1082
1093
1083
1083
1094
1085
1093
1094
1083
1094
1095
1085
1095
1084
1085
1094
1096
1095
1097
1096
1094
1093
1097
1094
1097
1098
1096
1095
1099
1084
1081
1084
1099
1081
1099
1100
1101
1081
1100
1101
1080
1081
1076
1080
1101
1101
1073
1076
1102
1047
1046
1102
1046
1049
1047
1102
1052
1010
1103
1017
1103
1019
1017
1104
1105
1106
1104
1106
1107
1108
1104
1107
1108
1107
1109
1105
1110
1106
1105
1111
1110
1112
1108
1109
1112
1109
1113
1111
1114
1110
1111
1115
1114
1116
1112
1113
1116
1113
1117
1115
1118
1114
1115
1119
1118
1120
1116
1117
1120
1117
1121
1119
1122
1118
1119
1123
1122
1124
1120
1121
1124
1121
1125
1123
1126
1122
1123
1127
1126
1127
1128
1126
1127
1129
1128
1130
1124
1125
1130
1125
1131
1132
1130
1131
1132
1131
1133
1134
1132
1133
1134
1133
1135
1136
1137
1138
1136
1138
1139
1137
1140
1138
1137
1141
1140
1142
1143
1144
1142
1144
1145
1146
1142
1145
1146
1145
1147
1143
1148
1144
1143
1149
1148
1150
1146
1147
1150
1147
1151
1149
1152
1148
1149
1153
1152
1154
1150
1151
1154
1151
1155
1153
1156
1152
1153
1157
1156
1158
1154
1155
1158
1155
1159
1157
1160
1156
1157
1161
1160
1162
1158
1159
1162
1159
1163
1161
1164
1160
1161
1165
1164
1166
1162
1163
1166
1163
1167
1165
1168
1164
1165
1169
1168
1170
1166
1167
1170
1167
1171
1172
1170
1171
1172
1171
1173
1174
1172
1173
1174
1173
1175
1176
1177
1178
1176
1178
1179
1177
1180
1178
1177
1181
1180
1182
1183
1184
1185
1186
1187
1186
1188
1187
1189
1190
1191
1190
1192
1191
1190
1193
1192
1193
1194
1192
1193
1195
1194
1195
1196
1194
1195
1197
1196
1197
1198
1196
1197
1199
1198
1199
1200
1198
1199
1201
1200
1201
1202
1200
1202
1203
1200
1202
1204
1203
1205
1206
1207
1208
1209
1205
1208
1210
1209
1211
1212
1210
1212
1213
1210
1212
1214
1213
1214
1215
1213
1214
1216
1215
1214
1217
1216
1217
1218
1216
1217
1219
1218
1219
1220
1218
1220
1221
1218
1220
1222
1221
1223
1224
1225
1224
1226
1227
1228
1229
1230
1230
1231
1228
1231
1232
1228
1231
1233
1232
1229
1234
1230
1229
1235
1234
1230
1234
1236
1230
1236
1237
1231
1230
1237
1236
682
1237
1236
683
682
1237
682
684
1237
684
1238
1231
1237
1238
1238
1239
1231
1238
1240
1239
1239
1240
1241
1241
1242
1239
1241
1243
1242
1240
1244
1241
1240
1245
1244
1240
1246
1245
1240
1247
1246
1238
1248
1240
1249
1248
1238
1248
1249
1250
1250
1251
1248
1249
1252
1250
1249
1253
1252
1249
1254
1253
1255
1256
1257
1255
1257
1258
1257
1259
1258
1257
1260
1259
1258
1259
1261
1258
1261
1262
1261
1263
1262
1261
1264
1263
1265
1266
1267
1265
1267
1268
1266
1269
1267
1266
1270
1269
1270
1266
1271
1270
1271
1272
1271
1273
1272
1271
1274
1273
1275
1276
1277
1275
1277
1278
1277
1276
1279
1277
1279
1280
1279
1281
1280
1279
1282
1281
1283
1284
1285
1283
1285
1286
1283
1286
1287
1288
1289
1290
1288
1290
1291
1289
1292
1290
1289
1293
1292
1294
1295
1296
1294
1296
1297
1298
1299
1300
1298
1300
1301
1302
1303
1304
1305
1306
1307
1308
1309
1310
1088
1074
1311
1088
1311
1312
1313
1314
1315
1313
1315
1316
