0
3
1
0
2
3
5
7
4
4
7
6
1
7
5
1
3
7
0
6
2
0
4
6
0
5
4
0
1
5
2
9
3
2
8
9
7
11
6
6
11
10
3
11
7
3
9
11
2
10
8
2
6
10
8
13
9
8
12
13
11
15
10
10
15
14
9
15
11
9
13
15
8
14
12
8
10
14
12
17
13
12
16
17
15
19
14
14
19
18
13
19
15
13
17
19
12
18
16
12
14
18
16
21
17
16
20
21
19
23
18
18
23
22
17
23
19
17
21
23
16
22
20
16
18
22
20
25
21
20
24
25
23
27
22
22
27
26
21
27
23
21
25
27
20
26
24
20
22
26
24
29
25
24
28
29
27
31
26
26
31
30
25
31
27
25
29
31
24
30
28
24
26
30
28
33
29
28
32
33
31
35
30
30
35
34
29
35
31
29
33
35
28
34
32
28
30
34
32
37
33
32
36
37
35
39
34
34
39
38
33
39
35
33
37
39
32
38
36
32
34
38
36
41
37
36
40
41
39
43
38
38
43
42
37
43
39
37
41
43
36
42
40
36
38
42
40
43
41
40
42
43
