0
3
1
0
2
3
5
7
4
4
7
6
1
7
5
1
3
7
0
6
2
0
4
6
0
5
4
0
1
5
2
9
3
2
8
9
7
11
6
6
11
10
3
11
7
3
9
11
2
10
8
2
6
10
8
13
9
8
12
13
11
15
10
10
15
14
9
15
11
9
13
15
8
14
12
8
10
14
12
17
13
12
16
17
15
19
14
14
19
18
13
19
15
13
17
19
12
18
16
12
14
18
16
21
17
16
20
21
19
23
18
18
23
22
17
23
19
17
21
23
16
22
20
16
18
22
20
25
21
20
24
25
23
27
22
22
27
26
21
27
23
21
25
27
20
26
24
20
22
26
24
29
25
24
28
29
27
31
26
26
31
30
25
31
27
25
29
31
24
30
28
24
26
30
28
33
29
28
32
33
31
35
30
30
35
34
29
35
31
29
33
35
28
34
32
28
30
34
32
37
33
32
36
37
35
39
34
34
39
38
33
39
35
33
37
39
32
38
36
32
34
38
36
41
37
36
40
41
39
43
38
38
43
42
37
43
39
37
41
43
36
42
40
36
38
42
40
45
41
40
44
45
43
47
42
42
47
46
41
47
43
41
45
47
40
46
44
40
42
46
44
49
45
44
48
49
47
51
46
46
51
50
45
51
47
45
49
51
44
50
48
44
46
50
48
53
49
48
52
53
51
55
50
50
55
54
49
55
51
49
53
55
48
54
52
48
50
54
52
57
53
52
56
57
55
59
54
54
59
58
53
59
55
53
57
59
52
58
56
52
54
58
56
61
57
56
60
61
59
63
58
58
63
62
57
63
59
57
61
63
56
62
60
56
58
62
60
65
61
60
64
65
63
67
62
62
67
66
61
67
63
61
65
67
60
66
64
60
62
66
64
69
65
64
68
69
67
71
66
66
71
70
65
71
67
65
69
71
64
70
68
64
66
70
68
73
69
68
72
73
71
75
70
70
75
74
69
75
71
69
73
75
68
74
72
68
70
74
72
77
73
72
76
77
75
79
74
74
79
78
73
79
75
73
77
79
72
78
76
72
74
78
76
81
77
76
80
81
79
83
78
78
83
82
77
83
79
77
81
83
76
82
80
76
78
82
80
85
81
80
84
85
83
87
82
82
87
86
81
87
83
81
85
87
80
86
84
80
82
86
84
89
85
84
88
89
87
91
86
86
91
90
85
91
87
85
89
91
84
90
88
84
86
90
88
93
89
88
92
93
91
95
90
90
95
94
89
95
91
89
93
95
88
94
92
88
90
94
92
97
93
92
96
97
95
99
94
94
99
98
93
99
95
93
97
99
92
98
96
92
94
98
96
101
97
96
100
101
99
103
98
98
103
102
97
103
99
97
101
103
96
102
100
96
98
102
100
105
101
100
104
105
103
107
102
102
107
106
101
107
103
101
105
107
100
106
104
100
102
106
104
109
105
104
108
109
107
111
106
106
111
110
105
111
107
105
109
111
104
110
108
104
106
110
108
113
109
108
112
113
111
115
110
110
115
114
109
115
111
109
113
115
108
114
112
108
110
114
112
117
113
112
116
117
115
119
114
114
119
118
113
119
115
113
117
119
112
118
116
112
114
118
116
121
117
116
120
121
119
123
118
118
123
122
117
123
119
117
121
123
116
122
120
116
118
122
120
125
121
120
124
125
123
127
122
122
127
126
121
127
123
121
125
127
120
126
124
120
122
126
124
129
125
124
128
129
127
131
126
126
131
130
125
131
127
125
129
131
124
130
128
124
126
130
128
133
129
128
132
133
131
135
130
130
135
134
129
135
131
129
133
135
128
134
132
128
130
134
132
137
133
132
136
137
135
139
134
134
139
138
133
139
135
133
137
139
132
138
136
132
134
138
136
141
137
136
140
141
139
143
138
138
143
142
137
143
139
137
141
143
136
142
140
136
138
142
140
145
141
140
144
145
143
147
142
142
147
146
141
147
143
141
145
147
140
146
144
140
142
146
144
149
145
144
148
149
147
151
146
146
151
150
145
151
147
145
149
151
144
150
148
144
146
150
148
153
149
148
152
153
151
155
150
150
155
154
149
155
151
149
153
155
148
154
152
148
150
154
152
157
153
152
156
157
155
159
154
154
159
158
153
159
155
153
157
159
152
158
156
152
154
158
156
161
157
156
160
161
159
163
158
158
163
162
157
163
159
157
161
163
156
162
160
156
158
162
160
165
161
160
164
165
163
167
162
162
167
166
161
167
163
161
165
167
160
166
164
160
162
166
164
169
165
164
168
169
167
171
166
166
171
170
165
171
167
165
169
171
164
170
168
164
166
170
168
173
169
168
172
173
171
175
170
170
175
174
169
175
171
169
173
175
168
174
172
168
170
174
172
177
173
172
176
177
175
179
174
174
179
178
173
179
175
173
177
179
172
178
176
172
174
178
176
181
177
176
180
181
179
183
178
178
183
182
177
183
179
177
181
183
176
182
180
176
178
182
180
185
181
180
184
185
183
187
182
182
187
186
181
187
183
181
185
187
180
186
184
180
182
186
184
189
185
184
188
189
187
191
186
186
191
190
185
191
187
185
189
191
184
190
188
184
186
190
188
193
189
188
192
193
191
195
190
190
195
194
189
195
191
189
193
195
188
194
192
188
190
194
192
197
193
192
196
197
195
199
194
194
199
198
193
199
195
193
197
199
192
198
196
192
194
198
196
201
197
196
200
201
199
203
198
198
203
202
197
203
199
197
201
203
196
202
200
196
198
202
200
205
201
200
204
205
203
207
202
202
207
206
201
207
203
201
205
207
200
206
204
200
202
206
204
209
205
204
208
209
207
211
206
206
211
210
205
211
207
205
209
211
204
210
208
204
206
210
208
213
209
208
212
213
211
215
210
210
215
214
209
215
211
209
213
215
208
214
212
208
210
214
212
217
213
212
216
217
215
219
214
214
219
218
213
219
215
213
217
219
212
218
216
212
214
218
216
221
217
216
220
221
219
223
218
218
223
222
217
223
219
217
221
223
216
222
220
216
218
222
220
225
221
220
224
225
223
227
222
222
227
226
221
227
223
221
225
227
220
226
224
220
222
226
224
229
225
224
228
229
227
231
226
226
231
230
225
231
227
225
229
231
224
230
228
224
226
230
228
233
229
228
232
233
231
235
230
230
235
234
229
235
231
229
233
235
228
234
232
228
230
234
232
237
233
232
236
237
235
239
234
234
239
238
233
239
235
233
237
239
232
238
236
232
234
238
236
241
237
236
240
241
239
243
238
238
243
242
237
243
239
237
241
243
236
242
240
236
238
242
240
245
241
240
244
245
243
247
242
242
247
246
241
247
243
241
245
247
240
246
244
240
242
246
244
249
245
244
248
249
247
251
246
246
251
250
245
251
247
245
249
251
244
250
248
244
246
250
248
253
249
248
252
253
251
255
250
250
255
254
249
255
251
249
253
255
248
254
252
248
250
254
252
257
253
252
256
257
255
259
254
254
259
258
253
259
255
253
257
259
252
258
256
252
254
258
256
261
257
256
260
261
259
263
258
258
263
262
257
263
259
257
261
263
256
262
260
256
258
262
260
265
261
260
264
265
263
267
262
262
267
266
261
267
263
261
265
267
260
266
264
260
262
266
264
269
265
264
268
269
267
271
266
266
271
270
265
271
267
265
269
271
264
270
268
264
266
270
268
273
269
268
272
273
271
275
270
270
275
274
269
275
271
269
273
275
268
274
272
268
270
274
272
277
273
272
276
277
275
279
274
274
279
278
273
279
275
273
277
279
272
278
276
272
274
278
276
281
277
276
280
281
279
283
278
278
283
282
277
283
279
277
281
283
276
282
280
276
278
282
280
285
281
280
284
285
283
287
282
282
287
286
281
287
283
281
285
287
280
286
284
280
282
286
284
289
285
284
288
289
287
291
286
286
291
290
285
291
287
285
289
291
284
290
288
284
286
290
288
293
289
288
292
293
291
295
290
290
295
294
289
295
291
289
293
295
288
294
292
288
290
294
292
297
293
292
296
297
295
299
294
294
299
298
293
299
295
293
297
299
292
298
296
292
294
298
296
301
297
296
300
301
299
303
298
298
303
302
297
303
299
297
301
303
296
302
300
296
298
302
300
305
301
300
304
305
303
307
302
302
307
306
301
307
303
301
305
307
300
306
304
300
302
306
304
309
305
304
308
309
307
311
306
306
311
310
305
311
307
305
309
311
304
310
308
304
306
310
308
313
309
308
312
313
311
315
310
310
315
314
309
315
311
309
313
315
308
314
312
308
310
314
312
317
313
312
316
317
315
319
314
314
319
318
313
319
315
313
317
319
312
318
316
312
314
318
316
321
317
316
320
321
319
323
318
318
323
322
317
323
319
317
321
323
316
322
320
316
318
322
320
325
321
320
324
325
323
327
322
322
327
326
321
327
323
321
325
327
320
326
324
320
322
326
324
329
325
324
328
329
327
331
326
326
331
330
325
331
327
325
329
331
324
330
328
324
326
330
328
333
329
328
332
333
331
335
330
330
335
334
329
335
331
329
333
335
328
334
332
328
330
334
332
337
333
332
336
337
335
339
334
334
339
338
333
339
335
333
337
339
332
338
336
332
334
338
336
341
337
336
340
341
339
343
338
338
343
342
337
343
339
337
341
343
336
342
340
336
338
342
340
345
341
340
344
345
343
347
342
342
347
346
341
347
343
341
345
347
340
346
344
340
342
346
344
349
345
344
348
349
347
351
346
346
351
350
345
351
347
345
349
351
344
350
348
344
346
350
348
353
349
348
352
353
351
355
350
350
355
354
349
355
351
349
353
355
348
354
352
348
350
354
352
357
353
352
356
357
355
359
354
354
359
358
353
359
355
353
357
359
352
358
356
352
354
358
356
361
357
356
360
361
359
363
358
358
363
362
357
363
359
357
361
363
356
362
360
356
358
362
360
365
361
360
364
365
363
367
362
362
367
366
361
367
363
361
365
367
360
366
364
360
362
366
364
369
365
364
368
369
367
371
366
366
371
370
365
371
367
365
369
371
364
370
368
364
366
370
368
373
369
368
372
373
371
375
370
370
375
374
369
375
371
369
373
375
368
374
372
368
370
374
372
377
373
372
376
377
375
379
374
374
379
378
373
379
375
373
377
379
372
378
376
372
374
378
376
381
377
376
380
381
379
383
378
378
383
382
377
383
379
377
381
383
376
382
380
376
378
382
380
385
381
380
384
385
383
387
382
382
387
386
381
387
383
381
385
387
380
386
384
380
382
386
384
389
385
384
388
389
387
391
386
386
391
390
385
391
387
385
389
391
384
390
388
384
386
390
388
393
389
388
392
393
391
395
390
390
395
394
389
395
391
389
393
395
388
394
392
388
390
394
392
397
393
392
396
397
395
399
394
394
399
398
393
399
395
393
397
399
392
398
396
392
394
398
396
401
397
396
400
401
399
403
398
398
403
402
397
403
399
397
401
403
396
402
400
396
398
402
400
403
401
400
402
403
